100001203413761
100000008848797
713546433
100000375469063
625285336
1531821063
100001017472298
1529027403
635771986
100000159500809
1790447514
100000314898648
100000171644257
1598895538
1000907140
702755181
1375290871
1749156592
100000318451283
100000028754918
100001053090034
100001618082110
1473435619
1826170629
100000196094523
100000182403767
612810796
100001635279229
1397296054
1357462106
100000202897569
1125666248
504741038
1562259182
1005010708
100001595411848
100000082179313
1486260469
100000140270864
1680352774
1845474132
1443223895
693906273
100000515929328
100000167870559
728280086
1036364139
100000066939357
100000213000454
100000933963802
1612795416
100000213491553
100000102410644
1446118232
100001100164271
1281684161
1373078995
1568775843
100000247242789
1193886075
100003020368805
100000171333163
1119707524
100000109167807
100000330648893
100000293083518
100000304034478
100001475304073
100002064426649
100000154972335
1364545718
1324771147
615721522
735541673
100001640859063
874980095
1734895955
100000250454569
1449673178
583514444
100000154563058
1538345097
100001496636765
1078853057
1816303569
100001807590737
100000128374369
100000046390330
782188984
1352342822
1512295406
100000557431884
100002400454046
100000191803779
100000169083072
562197818
1393013742
100000160785993
100000177090547
100000173612980
100000507916094
100000239651829
1339749405
100000146658984
1281467589
100001509472356
1672727614
1806551835
1413528509
100001444307339
100001201539411
100000222633823
1396034453
100000872649197
1825494452
100001716592333
1377346592
100000919057378
1744451859
596746350
100000141595909
531190363
1422811591
100000207579932
100000892490738
100000220179641
1230102363
587027873
1318119966
100000317480598
100000364202021
100000148852789
100002188898192
504233473
100000706714259
1185845963
100001326360989
1418110891
1241156643
1841386218
100000108534192
606064139
100000061524145
100000139861992
100002214049303
813902
100002157396545
513905874
1900665
100001780140865
581923454
755283472
688620292
615769438
823547121
1436438939
100000466121239
1045898474
100000144937049
100001479015698
100001496814594
1504361289
1453966322
686806089
590563945
564224889
1560129025
1305807521
100001245682932
1459821245
1213355785
100002244576397
100000066368259
100001289791225
100000077564060
100000176349479
100000153375891
100001076655523
100000560987558
1287061545
100000117068546
100000956556077
1200220
1630017453
723488353
688261321
100001011392130
1734915642
547803675
685388151
100000108013863
100000074406260
100001942386696
1843434653
100000339947140
100000173584675
1263311813
520493475
1144323163
610817965
100000138703132
1665331290
100001013379148
100000076781679
100000735412880
1838056383
100000167345538
100000196896761
626600167
1040220326
1844994164
1639434194
100002468911019
100000227954199
1621831892
1389579168
1154737739
100000092278537
100000202095276
1650044211
100002020614857
1286283839
1542522016
800358863
537622421
100000751081288
100000203280623
100002071697161
100001552573346
100000710721291
1308934291
100001025341174
100000106353109
769528400
100000210371591
1320994079
100000064374634
1569088668
100000039744999
100000145954146
100000170686960
100000192136885
100000366303875
1221222098
1164156103
100000953402107
657517971
100000042516023
100000203480760
100000226852951
100000117107684
100000474438438
100000166211332
1463783663
100000974924946
1755315944
1377363844
1283919085
1349536265
1781472552
100000381655048
1829805438
100000183691808
100000346246351
100000405077182
1104747184
100000059358249
100000119554745
100000705998926
1011525248
100001492298417
100001647999373
100000150999130
100002155715411
1738456166
1671348180
100000143179972
100000077189110
100000133507069
100000048383234
1422021186
1152823982
1789030367
100000029546744
100002928652124
1562997828
100000267613076
1185113236
669821902
1501592953
100000063671524
1085225216
620848248
100000116397200
100001132401069
100001286341036
100001038854995
100000062769187
1664463101
100000721646939
1542528089
100000137714312
100000227642988
1760689174
2238494
100000295039028
100000021057118
100001460432038
1545823841
1629295973
100000148253683
100000117858465
100000434952454
1674203551
100002709942698
747552963
100001520536424
100000736584976
100000153272325
1584079259
100000185187101
100000176012990
100002596925852
1264146394
100000111849985
801820533
1395623052
100000064110715
717890984
100000050698164
1371463710
100001122986096
100000235904687
1429530997
1534650910
100000139642551
1359258484
100000119436281
100001416500297
538392848
100000231836646
100000119511558
729398225
100000155844220
100003286985375
100000062188738
100000222049139
100000273400391
100000035520544
1496118153
1406201125
100000303124215
100001035875092
100000585273462
1446328131
100000134055948
100000154642928
100000171303224
100001361353316
100000023762742
1318160523
1165632335
1267687121
812558717
1652533038
1195374052
1439706908
763767727
100000317252597
804228241
1001222087
100001429537119
1246464462
1001416164
100000296991616
525251814
1317679581
1798734743
100000066415469
1437547347
1286018137
100000110241545
574972105
100000203486453
1548678227
100000259672497
1083220344
100001466328732
522911801
100001108656748
1655414820
100002910136788
1293278929
1375680451
100000215229162
1794101052
100000199643507
100000157117677
100001134729717
100002619461176
1450501569
100000980345274
557702950
1180171714
100000028209215
100000038929851
1746866626
100000201694918
100000181701062
100000144082075
1459580815
1663432072
1787414360
100000291222762
100000048820113
1796469117
525957110
1119945367
608218428
100000727076746
100002287536368
100000468113302
100001590339622
1441651077
100002614052924
640228642
100000020809857
100000224036184
1670402323
100001699301082
1429450297
605381727
1630975618
1607008336
1141129405
100000741969874
1352236914
1656630809
1541208069
100000214860485
100000071894412
100002123705387
572448339
100000158642193
100000029169379
1631125161
100000209194961
100001317516778
100000222914426
100000070574489
100003202059071
1045325895
666782809
100000333446195
100001535844029
100002070078141
100002108297067
